Total:
key = 365
response = 1613
correct = 135
RECALL = 0.369863
PRECISION = 0.08369498